 ----------------------------------------------
|         TRABALHO PRÁTICO 1 - CCF 331         |
 ----------------------------------------------
>> Dados sobre o Grafo analisado:

Ordem do Grafo: 10000
Tamanho do Grafo: 88558
Grau mínimo do Grafo: 2
Grau máximo do Grafo: 172
---------------------------------------------------
Informações gerais sobre o vértice 4567.
Verificação de ponte para os vértices: 13 27.
---------------------------------------------------
Vizinhos de 4567: {4566, 4568}
Grau de 4567: 2
------------
Vértice 4567 NÃO É uma articulação!
---------------------------------------------------
Menor caminho Dijsktra entre 4567 e 27: 44.0
Caminho percorrido:
4567 -> 4566 -> 4565 -> 4564 -> 3483 -> 4964 -> 5918 -> 9557 -> 6393 -> 8915 -> 27
---------------------------------------------------
A aresta 13-27 não existe---------------------------------------------------
O grafo possui 1 componente(s) conexa(s). 
Componente 1: 
Vertices: 4060 4840 5171 8833 8404 5592 588 99 3392 2491 1959 8458 8603 5468 7972 4755 2370 7699 729 6211 9380 2427 7980 5595 2742 3737 4577 343 2294 3012 7166 1222 45 1198 5773 7794 9194 1144 7901 1787 2926 454 5415 9570 3210 4632 5777 8012 9704 132 5258 878 2388 8332 3713 5553 7299 4427 9105 7921 6332 7983 6067 7592 510 167 2823 5669 7432 1639 5028 7154 3061 1786 1764 810 1018 3206 4773 2419 5667 9266 9062 8319 8331 5660 1704 3840 7436 7579 3021 1949 3592 1179 8517 2981 6142 7298 8140 9801 746 25 2506 9111 3898 4163 4720 8181 8340 3051 7599 7271 9971 6709 8281 2841 6171 8322 9524 293 81 6322 6957 6499 8392 2213 794 1920 6331 4775 5404 8005 1330 3820 9244 1541 9289 661 8123 8913 6023 29 4979 4660 1724 9500 6725 9590 6256 8287 1341 9605 2515 7509 772 2441 5708 4158 561 9773 2793 5038 3524 6943 2333 9563 3291 1621 8551 8710 8127 5584 845 2775 3542 2752 4408 3231 6617 7519 8323 9936 7387 5488 1916 3146 879 9639 3400 5066 6406 7056 7448 5941 9651 5478 5021 7356 8586 9030 4385 4387 6037 2459 1442 3273 9965 821 5617 384 6929 7198 2647 8029 1837 1804 3902 786 5579 6085 1714 5492 2590 1901 2592 2133 5384 9737 7004 2951 4314 4249 8314 5165 9357 4447 3720 895 782 8917 5162 740 1771 8106 4337 4728 9503 9550 141 6454 1674 5369 8228 5335 716 3266 4351 1661 1229 6784 1038 4888 3201 3586 8608 7217 7513 9310 5282 5989 7636 9011 6551 3490 3457 7802 2143 1117 1785 2047 6094 8053 6503 7398 1561 3158 2559 9779 2025 422 4842 5193 9883 6635 4954 7408 8580 9608 1647 9451 8197 8924 8970 3221 1056 4809 9620 3576 9459 4898 2448 114 9638 3608 9896 6366 6129 1011 6920 5226 7537 9085 3518 7640 760 7849 759 7137 938 2326 339 4244 8709 6391 7507 7744 7530 3580 6427 9920 9193 9328 280 502 71 9441 2245 5081 8006 381 4125 7533 789 3626 491 5224 6266 3980 2479 3025 6594 966 4854 9171 2908 15 2328 9261 1081 7719 4740 1936 1462 6122 1272 2165 267 6076 1865 8374 1293 9245 1861 9772 1292 7409 69 2523 9852 5172 1370 4807 2396 2516 8946 4152 8597 1900 2677 2284 5095 5674 5820 7264 2107 8662 8526 4657 1282 4169 222 3137 5626 5164 2725 9163 7265 8009 9762 4756 6272 4219 743 4539 5099 4229 5327 6935 8196 5610 5800 2105 5144 7099 4047 1723 9070 7489 5392 1710 8764 3557 9029 5042 2732 9842 4540 8302 2281 7996 2863 8007 6767 3643 6298 614 6816 7571 2543 9763 5132 1631 3771 8653 9909 6314 7570 6379 1928 8000 3844 322 9775 5547 5630 649 8168 2546 5465 4367 6350 7991 9597 6032 6961 8898 2694 4992 1765 1675 8515 144 8572 4368 5072 5987 2309 7569 1220 3955 8201 4407 5191 3539 8871 2606 3663 7192 8766 9443 9839 3219 1695 6903 5142 6485 2119 6627 5433 2885 5143 6904 4686 6438 7102 4936 1083 9440 432 7300 7664 2660 655 6812 7202 8288 972 4964 1500 9687 2136 2734 4749 9039 9301 3336 1502 8008 8544 5178 8191 3420 9283 4320 6275 7026 3602 5909 9240 9527 1368 3109 9832 748 7912 8390 1429 3395 9076 9749 6612 9052 9818 867 7364 8478 4460 1184 8940 3417 4512 1819 4747 306 1961 3022 9184 7492 5300 6030 1135 8718 3545 8593 2969 675 906 3317 2040 2631 4218 3672 2017 7855 9885 1028 5391 2877 3224 2057 2078 7630 7940 756 302 269 5009 672 4832 3455 5921 2117 4012 8204 8346 8861 4895 9718 7193 9314 1115 6814 8716 9095 4154 9496 8895 838 8665 8959 2274 1634 2334 1375 2644 8136 7406 6926 6735 8427 2391 7474 987 9646 1680 5011 1991 9502 9581 4569 5957 247 6766 2035 9755 5408 3909 4417 1474 3384 601 9888 9967 6804 1776 3551 4454 3094 5881 8480 4793 5750 6787 7337 1893 989 6839 7318 6337 8949 1382 1392 3327 7716 3397 4597 7355 9185 7174 5004 7296 7856 8242 105 8860 3107 5817 5922 3204 404 1233 738 5036 3326 5924 6124 6543 8893 140 7325 9999 8928 7375 6586 2500 3777 2160 1497 8272 784 5075 9990 2216 4913 2589 9404 5242 31 7743 2012 5070 9329 3233 5294 6512 7521 4780 2151 8415 3921 2486 4546 7469 331 7415 8155 4730 9 7535 4586 9040 2086 2824 6063 4787 922 2911 5965 7078 7361 9521 5804 407 3574 87 5290 5284 6745 7244 7365 292 2774 5605 6948 2620 5830 6394 8558 1420 3115 3192 5128 8320 442 1722 3846 3413 3536 5718 4841 2253 935 8974 7486 6492 8034 533 1084 8462 4821 1498 2366 4051 2454 9034 6825 3424 7259 3985 8837 9838 4704 1911 5681 2719 2864 2375 3516 5374 7780 7885 8687 5587 7003 8426 3501 5387 8457 2531 4665 8598 3350 673 3335 2325 3100 8838 7377 4557 3310 4736 5107 2597 5055 6789 6909 8829 623 1973 2646 5769 9548 624 2262 3358 7586 706 4856 1409 2010 2709 8195 7403 4214 2806 7179 3122 2482 5158 8562 7315 3993 5598 2906 9622 599 5181 3347 7790 4579 2204 3129 5658 8908 4209 9650 1553 7124 6580 1997 8405 5249 284 9338 4695 6319 1045 8099 6267 602 2102 1616 5851 6793 9047 3823 7724 3773 1140 4603 3141 7439 417 6947 1715 1977 2457 3565 2021 8870 7189 3848 5339 6952 5776 5439 6218 629 2202 4088 6636 7405 2505 5818 6455 5609 9069 5704 1194 1602 2185 2408 5740 2862 4286 1358 3893 6149 5188 9003 796 5394 797 9114 1615 1003 2227 2612 9673 7478 4327 6660 4956 5691 9585 5671 5736 2018 8305 2212 694 1987 7413 9426 9203 6715 5355 5052 8768 885 7620 958 5141 6588 872 1600 7756 5650 3362 5005 6755 44 5938 2081 1228 76 9402 5755 6087 2983 549 3757 2588 9326 2519 7440 3454 7746 1759 3330 4757 8516 9436 5217 2683 320 5599 7523 6467 1230 7963 6515 8066 8688 9482 2032 4794 330 4254 5785 6817 143 2545 4177 4863 1915 3928 6321 1440 9988 1339 898 3962 7956 8698 2520 9198 4759 4014 9669 5166 1405 4500 3222 6346 1614 1414 1665 5094 6301 644 7632 4339 6456 6468 5805 2264 3020 7694 5883 239 1509 7952 1571 3182 8754 1762 9950 1120 3145 3183 9216 693 750 7923 5728 4045 8357 9346 2957 3775 136 7465 9675 4784 6028 4309 1999 7779 5399 861 1501 8042 6100 9619 8054 4025 8884 4482 3814 1026 7451 272 1107 5648 4867 7431 4376 9282 2955 7303 9628 9975 2127 8237 3047 4259 8378 8219 8068 8654 77 7754 2916 6012 3379 266 9593 8303 8163 4547 2036 4046 4713 8412 7931 2053 2275 8071 7285 9136 857 5446 2168 7074 3268 6893 1793 704 283 7591 4455 7089 8465 6316 503 6066 6109 1060 9202 974 702 3282 3353 5657 1523 4481 469 2921 9209 9013 9657 286 2751 5767 4732 9302 2450 4306 2958 3668 5714 5904 3032 8310 4313 6362 662 7514 5272 9197 2829 3208 8460 4094 6311 5149 5875 6165 2811 4101 6241 6733 8717 9133 3704 1637 4459 5724 2272 5101 406 9815 5988 9910 5053 530 4935 5259 4975 9617 1864 83 5794 5060 8116 3607 6538 3389 7865 3376 6126 6643 1742 2594 251 7522 8975 1789 2680 3768 5090 6175 2874 5972 2738 6452 800 7446 5559 1774 7238 9505 6678 4914 1234 8051 248 8064 2746 3050 7685 3796 6431 6689 8671 6232 9514 913 3103 7905 3916 6382 2860 7094 7949 6013 4296 7751 2277 1295 6009 3706 1984 5018 2137 3101 5410 9075 3974 803 3265 9814 9908 5345 3198 1435 9064 2131 4752 1606 8798 7517 6768 1590 6287 585 5269 1006 1366 3459 9177 6399 1517 5035 9984 3142 6140 3077 333 3034 2358 3807 8330 329 7750 3178 6563 7959 8304 4976 7095 3674 7354 5768 6412 8643 5229 5175 242 960 5834 2410 7828 341 6402 3784 8945 4356 3857 6079 9445 1753 1364 8185 6865 9699 2993 3786 7485 3155 5280 1671 5581 9658 1153 4933 5526 8138 1029 5932 9204 6885 1939 6374 5416 9781 4589 6174 3507 4870 4419 5080 8452 586 6333 1947 6118 3862 817 9356 9368 6930 7353 871 8939 1613 4638 451 6309 297 4394 5899 3895 8976 816 2708 7712 8285 9262 2585 6006 7433 2755 252 8262 8052 5437 4378 5510 7336 200 7280 3649 8275 9861 2066 6950 6108 6385 646 8568 1332 4470 994 9215 9678 2340 3960 3637 6518 2586 1343 3896 6157 3135 7036 5862 3419 435 2270 3196 4194 7134 84 6581 1822 3874 4323 7960 5071 6663 5443 1248 9041 2489 4815 1960 877 7468 9354 4630 2190 5452 6120 8119 9487 4346 1035 2064 4105 7958 2544 3642 6726 4802 1100 6244 8248 9721 4134 7559 7673 4171 7955 8277 8935 5356 2315 9565 4981 6763 328 6912 9349 4020 5312 5779 1856 6462 5343 2666 6981 6464 11 8835 2574 9345 2539 1917 7422 8084 5774 5431 9457 395 5723 146 2825 6652 8887 1162 3748 7119 2169 4198 841 9408 2797 5049 7467 9510 6609 2163 2467 809 5148 5200 2237 4598 6809 5793 7034 3864 9943 2443 3954 6870 4937 3230 6119 5160 7839 4332 7675 6055 4523 7146 5127 6072 4281 6756 7326 8708 2720 5032 5348 5382 5346 6833 4943 7827 1967 2243 9183 3035 49 1061 1483 3057 342 2959 5186 7064 2662 1806 2437 2630 8324 9549 184 4289 6229 8253 1849 9497 9881 6855 1744 2941 6934 6466 2761 7841 3621 4404 5147 3957 6400 9899 2591 4900 2039 232 3956 2172 1596 2103 305 1457 9484 3009 9757 969 5068 7656 2034 5826 6463 7096 8227 9242 608 6414 209 3566 3152 830 8425 9234 1956 4527 304 1065 9954 660 1432 2116 2609 5722 5561 8382 9007 6932 1624 6159 1290 4831 5574 6184 5732 7052 2403 8261 7329 2330 9795 7975 9392 6830 9627 2360 3741 7691 1943 1926 6915 1393 5563 4261 1437 5453 1082 6866 2809 9925 2300 7734 8938 4734 8469 9485 3311 1522 7070 1240 4758 6288 1062 8486 219 7343 319 2838 7038 5615 9758 2257 3700 8995 998 4602 6900 4474 4861 6597 7635 3731 2146 7237 1304 5700 3739 3988 8479 1002 4112 6815 7998 6602 4748 46 8421 505 4358 5079 2783 3854 4562 1210 9435 2099 7896 8033 18 5973 7889 2977 3102 5811 8640 4729 5627 1152 7386 1422 7275 2361 5311 5056 9391 1889 2614 1636 5578 2461 2463 2170 1315 5649 2372 8385 443 7871 6746 1750 2578 4868 2386 4210 2244 4275 2944 1221 7857 8752 5619 192 8334 3249 5093 294 1979 1168 4880 6278 212 6387 4838 1607 8663 5548 8635 3014 3123 6736 5927 8632 9517 9878 1147 7346 1770 2915 853 6770 8666 1646 4207 6147 6060 534 7345 237 3849 7347 2868 6940 8198 4165 5069 642 1635 9280 3931 231 997 8024 8519 7728 3979 48 5842 7804 8962 6810 7776 363 8333 53 6502 9437 1212 3430 3470 7661 4438 2062 8749 3819 4816 9918 827 5863 9468 4489 7899 9973 6963 8336 8381 8674 9155 1651 4564 104 3038 5954 2851 6989 3994 1880 2602 5025 8387 2138 4007 7704 909 2324 9094 965 2222 1178 6938 3386 9014 3830 3223 1257 8150 6219 9241 8514 9913 355 5940 4039 8667 2567 7982 1160 6545 5298 5185 2365 2826 9583 461 5506 6987 6340 8108 4061 1 6894 249 8972 133 1551 3575 7752 5169 7836 3132 7139 7524 2248 1475 7565 4950 9490 9961 652 785 2963 6850 1691 8233 9369 6634 8813 4849 9792 7289 3718 7267 7950 5003 8289 2872 8192 360 749 6102 1700 4284 5604 6112 1886 3701 5140 8775 1105 1167 9848 4912 5951 6765 1996 3744 6407 4501 4629 4949 8695 1690 9862 4862 2968 3229 901 80 268 1827 2072 9868 1423 9930 8264 2285 4272 7206 9318 4189 1739 1748 5683 8388 9969 1340 9706 9100 3803 7851 4615 7204 2046 9545 1170 6867 9677 8174 8448 7132 9501 2113 6230 5133 5237 5368 4926 7011 7471 3093 4609 5234 9247 7786 2788 5347 8851 2754 1663 8904 5738 2295 9683 8922 1623 7763 6167 3890 7310 808 2583 2692 4149 2844 3882 3074 9446 1863 6475 8337 832 5322 5931 9793 8383 126 5964 3251 6193 1216 6970 2219 2819 1633 5959 8397 5719 7910 8819 2084 891 8659 7511 3365 9393 8699 92 6945 2878 5616 9232 2610 7171 5876 3778 7843 9866 501 8911 5928 3689 7402 4087 5108 2816 4201 9466 3466 6799 8581 3010 5570 6061 7328 6258 4677 5484 7339 7473 1988 2186 3194 4711 8828 5146 4906 4708 3131 7165 6308 7307 4764 3552 2856 2260 6531 7379 5285 2279 1678 1365 4278 6392 4026 5228 6371 4599 4957 8354 3361 5121 3486 1176 7803 8411 3514 8369 708 1953 4819 8020 1131 1850 5533 6284 3323 6078 4651 2521 4967 4253 5362 6481 4437 6508 506 5852 299 8579 2848 9017 64 5120 4382 6638 6203 8065 1407 9277 9916 4968 7032 2674 2723 2913 5601 4696 1039 6017 6128 6408 6995 2907 5361 9715 6121 7608 1214 3293 7221 4290 3892 6281 9735 1657 4497 6270 7628 1327 9397 664 3873 1791 4717 8624 9492 9332 6133 94 8507 8621 6520 8941 568 1473 4222 781 881 1667 8199 3999 9817 5906 3861 3331 9776 444 8927 4846 7050 7359 2316 3256 5423 3587 2801 5267 463 6493 839 8770 315 5337 5602 4921 2615 3933 2899 2938 5180 6575 752 753 3405 6620 1632 9119 5735 3148 8850 6008 9319 4298 5102 7589 8246 4995 9556 107 8256 1925 695 2883 1259 7819 2889 8409 4097 8301 9168 7647 8800 3949 9058 1073 3139 3659 115 1067 5336 9358 734 1294 4375 8576 527 6368 7226 3915 7848 6173 3259 3066 493 2633 7381 7560 5764 8522 847 367 5017 1905 7153 220 362 8518 6505 930 3446 6178 6699 8396 5845 1034 5677 8019 9513 5215 7272 3076 7797 9891 8450 5623 7046 3443 9791 6962 3387 4532 4369 4612 6730 9543 9557 155 2994 1150 4397 1641 4055 7711 6411 3045 3983 2627 3950 6598 6036 6005 474 5717 9383 6802 8100 5939 8897 1325 9344 6835 8730 2480 7236 9525 1847 7045 9033 3623 6470 8963 8742 7246 755 9933 8979 3561 825 4570 2645 8307 9448 1872 2679 6416 9976 4005 452 732 9246 4473 5680 9295 3685 5837 8350 3534 3441 6911 3679 7926 8186 3372 7410 172 7757 769 6991 3753 8807 97 459 1519 7823 3449 4610 4853 5123 3316 8697 1173 8840 2008 2695 3360 7578 9591 8899 2278 3303 8113 8637 8413 6190 5887 6583 3344 3322 4191 6386 9495 1055 890 2984 5231 7781 5925 7263 4065 5173 1110 4248 2090 2435 8356 1379 570 7441 2344 1796 479 2858 6544 5513 2171 334 8981 421 4850 6210 8606 1824 8470 7118 82 7092 2195 3104 8965 8402 9288 4185 975 5788 4767 98 2421 2327 75 258 4823 308 5589 4142 5638 1957 3715 8816 5517 577 4230 7740 41 8041 3463 8467 3992 5039 5872 7911 347 3961 2074 923 3474 3537 6436 4130 8363 2715 4398 8725 6384 3172 1480 1689 3377 8582 1779 2434 4336 6351 8792 4753 1563 1408 7086 3055 5528 1249 6136 9000 5953 448 7598 4825 9161 1424 5360 573 889 1077 6449 2786 8596 7031 5288 7858 6329 6971 8468 7389 523 1966 7764 8508 1649 3451 597 8684 3850 4439 6045 4484 1768 7864 3263 996 4127 2931 1046 1322 3984 9018 9812 4922 539 8692 8548 1050 3801 6664 7844 1278 3087 3588 8494 5213 2988 7727 4491 3722 9129 8985 990 1980 6364 3027 5341 8613 1191 7385 5631 79 3871 6349 7001 7880 8365 4552 430 2475 175 3343 4595 9654 3004 3190 5296 6424 8655 4402 9233 1985 2380 1425 6361 7222 5760 7453 2217 4624 3610 1828 5427 9636 2254 8061 5523 7900 3646 1802 4054 3276 2974 6931 7456 1586 2068 5531 4223 8795 9705 453 2020 5556 6774 9321 3541 5974 6517 2628 4972 1312 4431 8512 2522 9518 5013 8619 717 7566 1951 6393 8561 4989 9546 6828 1123 2682 3041 5823 6744 1792 2118 2897 5706 4318 6757 9051 8987 6875 2029 844 4620 9086 5390 9953 24 3776 3939 6587 224 6263 7607 1417 3759 2850 4433 1848 1199 2803 5469 2022 4452 9228 3831 5196 7683 884 6225 2800 5737 9784 2374 5124 7702 5501 6074 5549 376 7162 7149 8407 4302 9054 6038 7908 1129 2007 470 4081 9668 3292 8998 4266 5430 6548 8984 7860 2560 8872 2381 8121 2721 7120 3246 5246 8982 2329 956 554 3089 1093 5555 9955 4722 8187 1934 8417 2784 3675 5923 3908 5363 425 2179 3913 939 5212 4003 7452 6661 3711 156 591 9774 1656 9712 5995 5545 7989 4118 7207 7687 7241 423 2356 3494 854 6179 2688 7172 8146 8735 6682 5866 8125 4790 4085 9809 6626 7290 775 4621 7813 9347 5295 5309 6000 4519 2764 494 6207 3110 6758 73 4312 6239 5844 3304 4377 2067 4644 3312 8944 6719 201 7340 4371 9376 9903 3767 6662 5635 4234 8076 4076 9287 3001 2962 2554 17 7639 3638 9056 1253 4471 9293 1547 880 9800 5900 3641 4723 2802 63 1289 2927 4271 7805 4400 5524 7495 7708 6143 9220 9342 426 9498 10 19 6526 3411 6748 7371 5622 5551 4679 1851 6593 8063 711 4300 223 5654 9752 1894 5520 7676 897 3452 5952 4409 1702 4796 7334 6541 4429 2114 6666 3354 8133 6482 3884 8232 6422 5569 9285 6708 1688 14 7902 8482 6335 3953 6090 9948 1696 4224 6227 8797 7897 2397 9753 5797 9643 6092 849 5653 6071 4573 4896 1969 5870 9043 3785 9652 1577 5508 8114 2513 9532 9131 3779 2961 1104 4475 6410 2424 5194 3885 8475 2950 1648 5560 9212 4029 9996 8166 5367 2346 2355 2735 8739 9367 3546 792 3081 9662 5713 8032 5920 6443 5950 6619 1918 7196 4931 5871 2724 7488 5854 5915 8577 4871 6955 2896 5913 9353 3082 3436 7646 7945 9474 2942 2934 7666 802 5721 1493 4658 6192 9840 5263 3338 6433 7808 8658 3866 5007 1611 7563 896 6978 3670 8785 4613 3380 6860 3181 5403 5833 9264 4917 5644 9769 8070 8327 4649 4462 6805 8222 8620 4533 7101 3314 2900 3966 8852 1998 4844 96 1773 3763 747 589 4330 7239 1945 8193 528 4672 2701 5850 6822 4608 4991 7951 1463 7234 4016 648 2639 6901 5864 3202 9126 1206 3904 6280 2014 7203 5179 2199 5243 7992 584 8727 4550 5576 7553 4291 6206 940 5869 7970 2167 6098 7330 5729 409 6132 4744 1344 148 5885 7818 4193 2985 1866 5153 6104 5806 7964 2400 2011 3547 8454 5980 8843 118 3756 598 616 6289 7022 2573 5624 5241 5968 4843 626 4156 8704 765 5104 728 8524 5580 8677 4319 7006 8528 2198 509 9494 2635 5299 7914 5130 158 4824 665 3681 6668 8122 4116 4584 8678 6590 7294 1195 9788 151 487 1931 4687 8857 905 8993 5225 9680 2867 9317 2659 2834 5552 6514 6649 485 9074 2953 6876 4341 5136 4864 2494 2379 3619 7363 7115 6231 3487 4828 1243 4930 3299 9849 3540 1567 7627 7919 5455 9092 4925 5424 837 8868 4743 632 4197 7973 8361 2747 4520 1756 7847 6509 2446 3369 6898 8254 5780 1579 8547 9164 2837 9313 1113 2678 1701 8773 9123 9714 3414 2613 9641 4180 1334 6448 1491 2387 8988 169 7584 9663 1777 4536 4349 1576 5047 6783 2875 3166 8644 7634 4423 4213 8636 9250 7332 1207 8349 2998 7529 6739 9154 3584 4833 9531 3946 7400 54 9587 8112 9083 9165 129 834 5326 9914 1795 4837 687 3529 8686 1252 6497 517 3677 4860 3496 3828 6772 5754 3653 7024 9102 7622 657 4978 2101 4929 9158 7500 5977 9659 5746 2206 1274 9444 9670 540 1439 7538 152 9108 1469 4733 8751 1962 2345 303 486 612 3599 6808 6569 2608 8497 8103 920 5325 5426 7690 368 689 1687 3185 1735 4700 6145 3929 4311 5350 9579 6821 4357 3860 1402 4616 8609 7941 466 8588 9175 634 5223 7638 7816 2831 1817 2821 2178 3468 1683 1122 4585 9977 4798 7057 1891 4885 9667 5251 7304 8082 1242 3156 5150 2367 5608 3257 8473 8539 2946 3036 4220 3464 7544 166 208 8249 5868 3617 7420 62 2290 2758 2777 1540 4074 7416 5174 3535 3070 2534 6166 6373 8736 9152 3517 8641 9562 1256 6313 1133 692 3467 7341 627 1307 1684 8173 9149 3092 8489 3048 4627 518 4594 7085 5879 9243 5486 8046 2663 7670 3597 2704 1878 2120 7266 7625 8566 964 4412 593 7030 1573 3046 27 8889 9915 2376 1138 1010 5567 7742 9138 5366 6977 2077 3028 3127 7588 921 9406 1072 4538 6153 6556 536 9309 669 4083 2384 6796 5707 2100 5761 6624 9269 6383 8442 3606 9693 6819 1826 9957 9601 6565 1449 5853 6250 6674 3943 5944 109 9205 7176 130 1495 3439 5789 3209 3918 2836 5323 5725 3500 4072 6286 617 4084 7005 8022 8929 3632 4231 7279 2553 450 567 1775 2804 3456 4151 6623 7568 2997 8630 4299 1024 1280 6697 2042 3760 5351 8026 4043 1919 2249 2150 7717 8892 1068 1438 4543 5993 9037 2033 677 6801 8834 9616 5324 2501 6312 4524 863 2415 9486 7611 5803 9970 3286 2230 4181 6732 7892 4875 9694 3108 5770 7417 5155 1314 9109 2061 7501 8184 8395 5067 3761 5756 8952 4698 869 2840 6273 688 700 6164 1467 1910 6946 6918 7730 3213 1669 542 7564 5782 8367 4521 4778 9416 6511 6428 100 3702 8968 2881 7788 7799 7128 288 4631 7543 543 163 7873 7947 9580 583 9361 1164 3879 7981 823 8476 9396 5420 5321 9806 9897 185 433 3215 3220 277 318 7461 6880 9530 815 5997 8321 4124 1489 1510 7542 7557 7606 8040 5027 4239 4526 2401 2598 929 4406 1211 6016 8932 2267 2558 4960 1582 9831 8014 8283 713 865 3886 1974 8977 8239 9566 481 6621 9128 4340 9604 6718 2041 2449 3944 3488 6695 7148 6599 566 1245 6994 7063 4493 7540 9238 7136 6750 8633 2337 8371 9922 402 8881 3995 4212 9251 2218 2471 3188 7815 1329 3618 4049 218 8235 7167 1605 3205 2744 9766 1604 5412 3248 8556 4879 3601 8647 4033 4326 1244 7183 9695 1526 1549 427 7541 8706 4384 6761 4175 4352 2438 5195 3522 3342 7516 7297 7367 4987 1841 6221 9371 6160 7895 8097 531 490 9979 3345 4812 7108 8973 72 2207 4941 932 1367 8923 8877 1287 8639 1004 6968 798 364 1241 950 3660 894 5054 4897 8286 1335 4725 7224 5451 7737 7618 1057 7077 8038 1884 2771 5903 492 9110 7383 6980 3743 8967 3422 9157 5905 9929 2914 2048 8110 679 1051 5930 9132 9826 2144 5614 2892 9681 5 8329 2312 9991 254 4845 9324 6033 1718 7561 4680 1944 4148 5970 6537 7930 7657 1362 5692 1099 1406 744 8966 7966 2331 8259 8726 2524 4645 6215 8880 1720 5495 3049 7821 5438 9700 4021 3616 6679 9541 4881 4560 5948 1306 3315 9331 1490 3697 4413 5063 5139 8170 788 5040 6937 7444 9059 8555 9082 590 1816 4946 5332 9042 6728 9080 2565 4187 9046 9398 1585 8291 3732 12 5344 5475 9972 8318 6874 3407 377 8189 5389 5603 8308 1265 5910 1564 2353 5942 7725 4153 9506 6471 7323 398 9985 1232 2413 4498 4305 6285 8266 7376 4204 5458 605 2200 7014 4675 7186 9894 5955 7990 6933 7922 1948 2464 9077 458 2632 8435 2016 595 198 3095 9612 1398 4528 6486 6130 8532 1831 8045 9366 498 7155 7976 8380 7872 4808 4654 1507 2873 9519 4424 5998 7810 74 410 5342 1352 9480 3853 358 3415 3260 9890 7722 886 2649 8535 5432 5485 9797 3752 3952 9230 7195 9803 2687 8265 9118 8909 4558 7842 455 9827 2626 4023 7884 5687 3914 5393 3804 5690 6420 7768 5643 8111 4390 3585 7111 5041 2703 2156 7081 8342 1380 7466 7671 3295 128 9427 682 3826 6997 240 621 3562 1273 1781 5701 545 6265 6327 38 7201 2605 2973 2110 6861 7138 8805 1447 5727 5888 7590 2095 5302 7767 9564 2947 2091 2304 7277 117 1708 8257 3654 238 313 6398 59 4502 5849 3869 4683 9122 9412 9947 2301 8875 4974 1336 9844 9951 3910 7957 553 995 8534 3043 5378 9275 3936 3216 6003 9176 3088 7811 2031 9035 855 2581 6494 9267 3716 8747 5077 828 6936 1597 1580 793 8347 9783 4727 7181 9478 6985 9467 9589 9463 7027 8578 3337 9759 1201 3173 2970 5586 6080 3308 6015 6172 3528 3349 243 944 836 3770 3667 3787 4499 8130 9365 5514 4813 8267 5354 4395 1012 1087 1355 2234 2768 7249 7293 2967 1208 4517 3736 4245 4578 8503 7581 5726 7667 5867 9821 1296 387 2835 7703 5273 9919 5375 8996 4952 7278 119 1019 2135 2193 9294 6667 5257 1548 722 2707 1852 993 4961 5843 5020 715 7875 2655 2043 851 5975 6842 7013 5331 6262 8490 1032 2382 2414 8960 9938 8543 8215 483 4818 1990 8863 6488 2128 5597 6114 8368 6339 3538 4062 116 2671 1887 3549 3261 5585 5679 7610 900 3967 6823 7791 5901 6330 6396 6214 9430 4876 6271 6791 8406 9723 9635 6303 4980 6869 4799 5661 5688 5015 8284 4184 4365 9924 244 1488 6585 988 3408 6110 6902 3693 3238 9960 51 1904 7015 8145 4878 1126 1456 4781 2577 2763 7477 4580 7090 1745 7977 2527 8779 4032 7997 8646 8723 9395 4982 6375 8147 1938 1390 1716 8713 3170 5796 6101 7505 9028 3321 3900 7082 7295 7637 5878 6843 4804 9739 309 6279 546 3340 4619 5262 6089 9989 4581 2153 609 2757 1550 6521 9429 9808 3975 4136 1177 3662 9790 3031 2657 90 6681 6134 8830 4544 9559 5457 6240 3971 8701 3476 5043 550 1677 3505 2884 8626 1703 4919 5275 5633 6291 6458 2629 3373 1565 5577 296 9139 4178 3195 7097 5828 6233 1810 7098 6441 9603 1832 1859 3097 4789 9200 7577 8867 8614 110 9520 3007 3740 7696 9744 6053 5086 3878 6453 1914 807 1189 2093 9278 6432 5693 2919 1001 1111 1697 3416 2854 5154 9060 5611 6857 3783 4379 9573 3498 4643 1503 3325 978 5428 3832 4287 2362 8680 9237 359 4068 4633 7007 9374 1685 9364 6276 8817 6645 6189 7116 7401 9382 5103 2711 2976 3664 8352 7270 259 7476 8366 6025 829 6363 7065 9417 6949 931 1581 4421 6547 6154 9927 3797 7917 9098 7497 5250 6253 5435 6245 8247 9093 6238 2691 2905 9720 686 1161 1619 8915 4315 5829 1717 5333 3855 5618 7582 5860 5230 9571 3189 4669 6343 8151 2377 5825 9179 1965 2954 5716 3694 4506 8157 9945 9464 4344 4000 2314 8681 9462 3520 4866 9027 9754 2184 7042 6618 7200 7824 4057 3728 9798 9065 6813 8461 4719 663 5221 9509 2487 2772 1078 1612 7319 3352 5441 345 3891 6158 9399 2861 7881 2910 7180 7051 5978 3986 7068 9743 7907 9270 2159 2335 9372 1372 7301 5278 5967 6325 795 5422 9655 6500 194 6759 8386 227 4458 7766 2044 6639 5498 8278 8403 4746 6990 7338 1694 3901 1529 5033 8455 9528 9297 651 4883 5572 9537 6293 840 8587 6693 8781 9901 6202 9306 8031 7974 813 1134 4035 1319 3710 378 1141 1846 6629 2189 3749 5406 9254 8056 9889 2452 3911 3556 6550 9939 3628 5907 5024 926 5118 1269 8218 8882 1299 6555 176 354 9940 9522 7943 3504 7749 4240 8711 4653 3699 8464 1238 323 9004 2548 1075 9142 6139 5536 8849 6282 6676 7594 9600 2004 2625 4495 7556 9577 5330 5490 6075 8231 6562 8243 2661 2125 1284 4835 3458 5096 7316 3472 5012 7531 6204 3288 7986 6376 1885 3165 8541 9090 1505 153 7552 1112 9742 4082 3521 6127 6973 8652 8986 6344 6792 4568 8844 4592 1433 5493 1821 5085 9229 4772 5461 7890 963 606 4080 5606 6437 6570 4567 7445 954 4635 5685 6151 4070 9145 164 2246 6625 6741 5645 6905 8650 8499 8693 2231 5317 2308 4953 6536 727 8820 9299 522 3987 8821 93 7654 2933 3636 7720 4553 4959 698 295 6710 124 2258 8520 6603 221 8501 4745 4451 4238 2462 8918 8958 2818 3306 2518 1903 1803 8853 6213 7874 7775 9022 8600 9421 1877 70 5684 581 9322 3859 7144 8848 9414 8492 4742 5799 4887 3431 2580 6610 5022 1968 8825 9150 2766 3742 5440 4628 7127 6642 6579 9855 504 9454 390 3881 7532 5352 7550 8429 8280 7218 39 8430 9686 1356 2481 8886 5511 3684 7483 52 4325 3062 4674 5048 6996 5167 2096 2404 2445 5177 3393 438 1231 8358 7427 8200 8050 4108 1719 6320 1118 3177 681 4354 4233 8472 2484 4510 424 4285 1629 3138 6760 9941 6539 7230 8657 6513 8672 2706 9771 4590 8175 1297 2157 8159 9348 5629 8847 4075 953 1751 4106 3318 8158 4839 3573 1237 3302 6161 888 4984 1395 6845 9876 8712 9273 787 8271 394 3827 1986 170 8921 7418 4241 5575 3479 3631 7156 9796 2152 1363 1797 3721 1136 1693 497 4494 5151 8220 2795 4129 9107 2865 8355 5961 6776 7623 8376 8079 1213 4779 3399 5459 6826 791 6887 327 6573 4372 8823 7213 9400 5083 5480 4703 6557 9005 9959 5613 6039 1555 8344 1530 9845 2736 7866 9259 5507 9645 265 2551 3676 667 1323 476 6665 6198 1812 7380 8700 206 4777 3475 8891 5596 2069 653 6473 9124 6050 7126 7909 1902 3245 8757 7449 9333 4792 5636 1302 5966 8521 4162 8230 3963 6183 4270 2395 8679 1263 6103 4355 3120 9415 190 941 1146 1431 2730 6299 7512 2286 4202 699 5821 3593 9049 9768 142 5301 7916 6673 2538 3176 5659 85 8504 2276 3798 8035 2727 8951 1324 5963 3267 1305 4048 1266 5010 6106 712 1535 7709 9722 2792 7612 2537 6022 9828 3594 5637 1401 7915 8260 8883 1871 1148 625 9674 1261 4011 6530 3171 5467 6491 9729 9172 8627 4478 2624 557 9942 2571 1486 8788 3513 3841 5812 1260 8763 2176 5521 7133 35 1860 7936 7680 4483 5209 5413 441 9390 4103 3309 3982 9218 2109 4901 1892 4107 6897 7689 7314 2779 4534 9425 5159 1464 3493 6310 6070 3450 8869 6024 3927 3695 9665 6115 3212 4998 2001 2282 4172 4785 4448 1016 8083 4338 4366 228 1532 2700 1374 9820 7424 3978 6921 2894 6908 1069 9685 5260 9292 9614 5398 3615 5741 7954 8268 8190 5168 8755 571 5783 2180 658 2097 9020 9253 6683 7360 2773 9256 5594 9847 5402 7869 4541 418 3624 9336 9423 8625 9632 180 9637 9981 1371 32 2444 6479 8294 4188 22 3280 4663 7887 1397 5114 2717 3244 1964 4970 6677 7861 7812 6841 8900 7281 6182 596 3394 1089 4939 1933 9091 8182 8634 1662 7210 7580 9865 5239 9079 3090 4434 3836 1421 6095 7044 7619 3661 3075 4566 2876 2972 8292 1820 6669 8685 4490 9692 9761 1236 6974 5216 1591 2943 3149 2317 2351 7853 6889 3480 4176 2083 4208 5841 9099 9355 4678 6906 3629 8328 7595 4192 8058 8787 7868 8888 68 7017 8212 9837 7227 2115 5134 7820 707 2556 1410 5891 1157 6848 3024 4425 2622 8139 5838 764 7107 3745 9747 5857 7904 3016 4350 1443 3705 1116 3385 5918 6224 6425 9584 1721 8205 7773 9767 3111 7648 392 6434 5791 7333 5571 2429 8841 1097 9424 6478 2306 4801 7551 1174 7830 4228 5664 3959 9748 9974 607 3852 5113 4235 757 547 6723 4805 55 7616 6111 3391 6507 4206 4684 1958 7472 2187 7054 4091 102 2511 3658 9992 2288 846 9822 8733 7157 7867 2842 6818 8506 1386 2830 8612 8115 8990 9196 8537 8096 3013 7482 9807 942 5518 6954 912 4874 6052 7033 1481 5487 7760 4476 5110 544 8422 8907 7404 3724 2476 911 7110 6489 8753 3351 3976 7999 1527 8694 3098 2054 2124 7457 5525 3555 9210 4363 326 9021 357 6415 1952 4574 9072 2699 6294 4143 6781 1477 7397 4262 569 5835 2618 5014 4920 3815 6295 9529 9698 4625 4656 5535 4817 2225 6367 6859 882 7481 7075 7721 2753 619 4797 4903 6461 9012 7555 4511 1154 4591 8161 6445 9195 9403 9483 9515 9944 6534 6684 1388 4004 1436 2529 3503 3564 9640 6879 1331 1309 576 2689 5029 3686 5359 1989 420 4307 7175 5307 8418 9048 3652 3747 5266 2827 9279 6703 9691 5893 8078 7609 4164 6358 7091 7395 3402 8171 2652 1434 5233 8854 9544 2497 3947 2895 1855 9917 4642 8569 9208 1301 3709 9352 5044 9895 9231 8132 9286 3264 5248 8702 1086 8424 1937 6226 9711 5682 6255 3818 805 6435 7191 57 1670 8583 4902 7459 1731 1709 127 2595 4492 7669 2684 4277 1570 7291 8746 8414 8676 5892 1610 9316 8276 4359 9167 770 3558 6753 6552 5583 1071 4927 196 8039 683 7438 4242 4449 13 3378 5641 6378 2812 1778 3125 1560 1143 1622 4050 5990 2770 3544 5889 2890 217 4508 8312 8784 7735 289 3382 8295 9898 3894 2240 9526 2799 1254 9854 8030 4386 9648 5981 3569 1658 2339 7801 3764 1845 9271 3508 4857 3708 3435 4694 5320 4918 951 1853 8447 8095 1525 9307 7491 7242 7918 4466 3838 5802 3180 8081 9330 7208 1444 1088 7617 3941 8129 9038 2092 976 2354 9045 5353 1881 2422 9456 5712 7718 449 1209 3824 7287 4626 779 6692 9315 9870 4761 6345 1897 374 874 3409 4445 4010 4647 1660 2323 5557 8098 6264 3842 4788 6827 7924 6137 562 2409 4691 9420 9625 2447 8964 8048 6002 9151 8437 6775 5620 103 1270 4159 2808 8731 3429 8101 9825 4063 5787 507 6631 5530 9258 6671 4114 4308 3151 6324 6654 943 3113 8604 205 2104 2570 9697 471 7733 1197 6328 8822 2238 278 4859 2945 2000 2512 9764 1712 7660 5357 7357 3465 9595 8225 8610 670 6180 9008 204 4587 2070 4115 4370 565 6615 2051 3003 697 1391 7425 9291 8208 3332 8936 113 5292 742 1995 2668 7421 8229 9819 1346 5190 4120 1219 1053 9949 7539 3106 3696 7392 1946 5328 5846 7567 5205 1165 2233 4934 8545 3612 7817 8028 5703 5494 6477 6722 8769 1575 4611 311 8538 2536 5497 6389 980 2161 5512 1601 3888 4211 3065 8513 5261 7793 9141 4751 7920 8714 1096 2416 3447 7163 9664 6601 6729 2888 8997 2383 5808 3510 9335 3114 1726 8384 9089 9887 187 9610 2430 6148 8269 6176 3211 6001 4119 4310 7382 5189 5076 4899 5894 1879 159 4131 5786 1842 3126 7574 7662 1311 160 4485 1037 3609 5537 8670 1345 7663 4392 4117 1079 5376 5385 8873 5395 8067 2917 2549 2681 1838 7747 9661 7125 9561 1699 4724 9824 6914 812 5418 2130 1027 6837 1156 714 6553 8393 2451 6334 5747 3099 5795 3856 2759 7946 7159 5062 5319 8953 9843 4932 3296 3197 4111 5916 5245 4418 1377 3802 1283 9995 6195 7547 5784 1594 6794 7235 3272 7419 915 7971 9980 1681 3717 8933 1746 6199 7979 6907 833 5534 5956 5405 2305 3867 4102 8086 7140 6261 7575 7423 8211 4343 6873 1132 8992 6824 1094 4689 2599 234 1427 7112 9148 2575 8313 261 3691 5293 8433 2669 2813 8440 7572 3284 4030 495 2648 7245 3484 5917 9169 6691 5281 5877 6421 1130 5429 396 7276 822 3964 213 6648 9300 3972 4317 5790 8085 1453 4916 1275 5192 4650 754 6460 8890 6236 1487 6686 8874 2181 3533 6251 6208 8493 8137 193 4450 1288 9378 6490 5471 758 5202 2063 4940 9379 883 5129 5304 5983 468 6018 3150 5749 1354 7755 8148 457 3512 9805 7845 2782 202 4988 88 8802 8790 3570 6011 7928 4829 6899 8142 5182 3054 3977 8044 3000 6657 9558 8589 1298 9219 4360 1686 685 5208 7837 9863 235 5759 5519 4873 2991 7320 6871 8238 603 1728 2948 9115 2162 1128 6754 7372 9127 4226 745 4800 1193 9682 1452 6527 5731 6600 165 5306 7736 5874 2392 513 9611 4583 8485 5546 5238 7008 9904 1788 3144 3398 1515 968 8673 1908 496 9308 641 7396 4246 7862 5999 8394 6595 2604 353 6440 8866 6096 2122 7161 7962 8311 3603 2183 6297 2796 401 2901 3355 3719 4712 4990 257 3085 3821 9858 710 5358 4681 6405 9912 8401 9931 811 726 6529 1876 4670 7806 564 171 9096 6992 1890 3320 2251 324 6043 7761 541 1394 9777 4714 8595 1471 4877 467 1054 6646 8533 780 6919 1109 9160 1171 7216 2541 1063 1127 4803 5705 6647 7765 8879 154 4463 7454 1559 2085 2129 3297 3418 1385 2912 5646 3 9389 1124 7109 4040 3596 842 3243 5926 9351 2839 999 2336 4006 1923 3899 8523 6711 4410 8234 2781 3811 3396 7932 6372 7774 3279 2866 3478 3919 7682 6596 9268 7018 1972 5591 28 6572 429 5448 397 7944 8896 9206 8786 2177 1246 4126 5161 4225 4467 5558 9217 9239 2880 6650 6910 1000 1378 6696 7370 1268 8615 1813 5287 2352 3543 7527 5847 6853 6592 3477 5710 8831 2637 365 6042 2269 4834 6577 9656 4059 5313 3134 804 6568 8546 9489 336 9676 3712 2059 8691 731 4890 3269 512 8420 8001 8338 5491 5832 3843 7060 271 3492 8351 6097 8638 1642 5696 6716 253 6004 537 8180 4572 2634 6247 6220 1533 5207 7659 9778 7770 5145 7985 7178 8443 864 9736 4709 4516 8251 5766 7331 8616 9488 2743 6863 1119 2364 3333 9088 6243 4836 6177 5057 1350 2460 6561 1369 2158 7731 1226 3589 9117 7484 3934 4019 4426 7058 8036 8937 2952 6484 2499 7854 3657 7953 6868 9252 2226 8377 9634 6832 8971 4942 7700 2986 8057 1203 3996 279 2949 8436 4811 5026 9084 937 3226 199 850 2052 6790 1482 5540 416 4042 5340 7688 1645 4104 6156 3008 400 7429 1592 703 5504 9594 1048 7652 9305 773 2886 8449 3829 4548 5097 6608 6862 650 1595 556 1196 4893 50 5666 8756 7938 2399 4095 7534 8859 9476 7475 3119 5992 1215 1707 5505 6083 1544 6069 9499 3600 1450 5986 9475 2256 5297 6604 8315 3255 5098 43 2990 9235 3647 970 4563 5625 1461 9428 9418 7850 8223 178 6942 7809 4216 168 9882 3567 5775 5765 2780 4556 9613 3491 7641 4034 2582 6886 7490 6807 8188 5152 6235 7352 9599 4923 7283 1321 9574 1303 3305 1942 741 9296 2468 7228 2060 6252 9730 8391 3560 8179 7832 3754 7479 3079 5856 8089 7510 7695 631 4565 385 2393 6059 3274 7335 3401 7016 2502 4763 7100 1064 2191 2902 8481 2166 2056 3554 9170 2737 3160 8018 4141 3290 6724 1713 9765 138 9892 8824 1251 6685 9983 3473 9323 4282 9312 1121 2653 1384 2164 2535 7705 5772 4770 445 2082 4243 5008 520 1854 3091 2956 6702 1508 4237 7995 8107 4965 3357 177 3002 8645 6680 6495 5522 5568 7205 3872 1468 7240 5848 6093 835 761 4090 6447 1041 7233 1568 5994 30 4693 7655 2995 1478 9804 9978 8789 5739 8502 2999 6849 6062 8585 3795 20 3595 7253 351 1638 3499 8525 4145 8203 5890 5882 9834 9538 6200 7506 7877 4955 5855 9871 982 4820 7305 3059 5046 3186 3187 6560 9024 9893 7274 8059 4910 8729 638 2492 447 6395 2923 4706 6778 587 862 6751 9823 2425 4138 1627 270 7614 4166 6795 7430 5016 121 6877 7807 7723 9227 262 3011 4705 508 7969 1125 4768 1200 1652 6451 9568 5873 7214 9006 8143 3509 285 2417 7583 7028 6651 8885 1308 1181 2507 250 8135 6924 6846 3813 7164 9147 6141 8213 8983 8359 5252 5442 1630 9410 8649 2343 9225 3147 5958 6717 7462 4303 8715 137 371 7653 8689 3765 8273 7160 3433 7219 2071 9907 2087 5138 8240 6430 4652 2791 7697 8812 282 8762 6922 2073 6357 9001 9009 7706 2686 3680 4699 5061 927 8575 4252 9850 8483 9087 3432 771 1494 7025 8540 7782 3040 4640 361 2726 2003 8542 2789 8991 3169 1811 5074 8300 3942 7605 7311 806 5073 1737 5450 9567 4537 1023 9702 4364 3591 2822 5801 8703 9802 6506 4882 6105 7784 2672 6360 3762 6571 1036 6051 6771 1400 4480 7967 6355 7169 6223 907 7322 8925 611 3645 5632 6113 7194 6655 3568 7496 1628 4561 8432 6925 1149 3613 6574 3403 580 6403 9900 3285 8594 3485 4457 8737 9647 5815 4217 4648 7123 3614 9103 484 1976 4428 67 7882 2828 2787 7596 8075 8498 1137 4634 1983 3159 1808 8466 2220 7131 7886 6762 195 2028 3071 9780 4257 9419 9582 949 5720 9993 8104 762 4024 1899 6417 9211 2485 7978 9872 1458 4593 7554 5628 3461 9733 6217 8092 636 4190 5912 4329 3121 6706 9623 7258 9946 2197 7435 8282 5058 3080 6698 4977 3750 4701 5813 6705 7631 3678 3847 1205 696 8738 2369 678 1416 2477 8037 5445 3442 9162 763 6249 4078 7184 287 6658 1875 5197 3217 7526 9836 6446 7437 1108 5078 1418 1727 7260 9982 9937 904 1376 7898 5163 7121 2311 3390 1383 149 3581 7925 4661 8827 3550 4295 2798 6713 5303 9334 9337 1276 5996 9672 5271 1008 3845 3179 2080 8154 9750 214 8628 3527 9479 5227 4848 5588 1426 2853 6283 6155 8353 4741 6356 7548 1692 3644 3669 9923 6820 1492 226 5349 8660 344 2432 6872 6788 5582 4571 260 1924 5898 1780 1007 3997 6779 337 8206 983 1430 1758 1794 4795 5814 7520 8016 3262 4776 8721 3489 399 1941 9962 3851 40 637 8771 5283 9189 1459 3184 8027 56 9785 2596 7248 4486 9725 4637 1909 2718 7358 7000 9303 6318 7010 8910 9835 6501 5091 5316 4199 7020 918 7055 8178 1644 6020 6234 7677 2562 3526 1102 8410 5244 6694 8487 2675 5170 2616 5945 7117 5509 6496 5668 1188 1583 5937 2407 6983 5037 139 1883 6188 9031 4144 4260 1711 4531 8451 6896 4334 7929 3136 2909 7257 8750 1090 2982 2667 917 2572 8345 5386 8930 7800 4530 4891 4559 4545 5421 419 4279 9703 4971 7643 3714 2239 2741 1955 6088 1014 3175 372 2857 3005 6354 9439 4685 4855 1772 3733 6187 8865 9481 5464 4293 9249 737 6656 1975 7834 1609 7601 8570 3531 2474 3294 2299 2350 6040 2268 7795 7399 1729 2722 4038 3781 5255 465 5642 4963 1333 3313 991 2439 4737 5308 9963 4161 899 4121 604 3791 8279 3064 7739 9036 6073 3511 887 3870 4966 6578 350 2228 3371 8167 4067 2094 7778 5460 9986 7220 8631 936 7252 1381 8446 1537 5482 5414 6377 8855 2843 5607 4554 7888 4962 9186 1940 2442 131 1882 2820 9873 4889 4405 5778 6116 9710 379 5699 2528 529 2224 2498 2473 6292 1833 8156 9841 5933 1158 6107 7374 9738 5762 7825 9465 2398 7745 9624 2564 814 9284 8141 6348 5396 4109 9911 630 9516 618 3298 5639 8529 2431 3069 4041 4389 4383 7604 4086 1566 7753 7143 6065 2255 6352 8590 4268 4250 3497 2530 4441 1047 1101 8408 9174 2208 4690 7142 2236 6277 9877 4013 2975 7870 446 332 6342 8599 4985 4316 8439 8144 2832 525 5088 8661 1155 4983 1807 2966 8592 9156 1809 5156 499 6704 7362 945 563 5380 8999 7503 9921 9173 2307 3287 5946 3766 4766 5502 6546 5982 5082 2656 1869 4865 4872 4028 7317 9746 8105 620 5176 8341 3620 1524 9833 2814 6381 1982 1389 4830 8015 843 3348 3359 8651 1448 4662 210 2693 2076 2140 1873 2342 5276 7211 9381 9471 7087 9106 4251 9304 3622 6152 8740 6576 3073 6498 9860 8950 9071 2406 7649 8682 9857 1015 1668 4786 9816 298 8605 6049 1562 1552 7792 8668 9869 9016 2769 3729 9081 8954 8969 4750 3502 1589 2088 2390 4509 6117 6714 437 3329 2348 1169 3427 3876 1413 5256 2357 3794 1676 6567 6984 2845 719 9137 8124 8719 1052 8444 2601 6429 7701 1761 8134 9701 3640 1250 9068 2319 3639 4122 352 8748 9745 1404 4416 1092 2928 5315 2903 1225 7937 8836 3969 3154 161 5002 1187 2111 6927 2891 7309 7388 1030 4726 5902 1361 1033 8956 9341 2436 6007 819 6923 1643 1763 5286 6988 7894 1166 2265 1185 7247 9473 1626 1858 335 6228 6881 1291 9690 5969 9679 9534 9853 1349 2229 5000 9146 5753 1310 8607 4157 3683 8553 9830 2002 2918 21 4132 5483 8906 2846 8274 8765 799 5201 9653 1255 7269 1300 4529 3200 9671 2322 8560 2930 4518 8826 4993 2621 101 5858 9135 8549 3897 1867 7573 4133 4073 2023 6944 2155 3412 4414 1896 6740 2472 3920 6026 6780 7684 3006 7069 9998 2664 6504 7286 1543 2879 489 1767 7047 9734 6465 7707 9222 1514 7498 1836 1484 3368 5554 721 6858 3990 2341 8782 5305 986 4140 8010 9829 263 5943 33 2493 5214 9413 255 5792 6201 1516 3068 382 2587 5023 8398 914 4267 6884 5270 4718 5503 7593 7106 8102 7043 671 3469 928 9469 1419 8325 1264 464 6960 6359 6524 4716 5919 2298 134 919 8463 8743 2297 1326 2037 1929 8791 718 6851 4702 2283 7414 659 934 5840 2038 6459 2049 6895 8794 8250 2676 4342 6315 5100 9578 3755 635 4258 1640 9997 7232 9751 3817 3515 9684 9453 415 1337 4479 2929 7393 5466 2750 5338 4945 9447 776 4907 3481 8601 5204 5652 2055 4655 5411 4947 6222 1320 7243 3434 5979 8270 9994 8118 1357 340 5655 5527 2302 3808 6423 1472 3998 1740 5971 2194 9438 3880 488 9552 4221 2027 7796 462 5827 826 5377 8554 5031 3651 4196 34 7256 2013 375 6369 7009 1554 3356 6054 4707 7321 1085 5115 1542 7833 9260 3940 1598 6081 1835 4079 3364 526 4514 8131 7678 9388 8 6998 767 3112 3868 5742 3945 6209 6956 7273 1862 230 3277 5984 7933 8049 8224 7838 4673 6878 9523 7480 4380 6939 122 5407 1534 4762 1139 3482 6323 9190 7023 2540 5672 1076 9055 3240 733 2349 4576 7284 1049 6418 1204 5564 3925 8062 1839 5590 5001 7019 5265 7324 5481 774 4507 8073 9630 7863 4465 4461 3788 2394 6847 967 5137 9143 9411 6082 4092 7002 7536 5473 848 1608 225 6737 7458 8777 9063 5743 3283 3301 725 555 3404 3289 8809 1512 3275 4077 1906 383 8160 2989 6967 9770 6212 7826 9572 3153 5836 9588 8221 3339 2142 9560 7261 4682 2420 2778 9191 310 957 6197 4607 8574 6786 5734 2640 2273 4345 207 8683 8013 7777 1829 2235 9276 739 824 1682 902 3698 8957 8488 2745 6057 610 8258 2310 6457 2685 6519 8360 3835 3725 7913 8207 2852 3734 5695 9067 8980 157 3655 6800 3053 3965 4588 4247 10000 7199 2638 7071 5117 5771 2643 8724 2940 8043 2079 6397 411 2807 3924 6888 3130 6242 9290 5253 639 8744 574 2024 9874 8778 9540 6806 4886 2148 4388 7040 7738 478 7084 7741 2378 3578 8474 8505 9010 9536 1511 8372 6216 4986 4600 300 1569 6326 2665 4098 5758 1005 3039 892 9192 9370 8316 2418 8176 8477 6540 9859 9875 4093 2925 2019 2247 5064 477 2470 1706 8087 8172 162 9458 4056 8629 2776 6659 6542 9493 8759 9642 5371 9298 2971 6854 9716 2030 4031 2188 8236 8760 8536 3583 6444 349 5694 2296 3582 3375 4851 412 9813 7151 4179 4806 6589 4255 1009 5911 7105 325 2859 2495 1353 1103 7681 5463 7182 2359 9934 1992 9504 2504 8445 3782 3793 5447 6533 6047 112 7470 3328 1518 8931 7079 7223 9066 4374 6986 245 3806 9507 7672 5373 984 1843 2313 3877 4440 6306 8943 179 5291 7493 8306 7644 8389 4666 264 3730 9539 3214 7390 8335 5711 4227 8209 36 7613 1496 9551 2203 3029 3033 7714 1578 241 8495 860 2847 3559 9255 3445 8584 1888 6622 9606 9120 436 5106 3133 9431 4167 8623 5034 8767 3421 9263 8241 4996 5880 575 9511 480 5087 4869 2654 3334 3281 3805 7668 9696 1978 820 4396 4411 3746 4456 4618 4774 4827 3688 366 26 3042 3935 2855 42 3627 6644 3738 5334 4273 8060 16 4022 2215 5662 389 7518 8162 4639 4089 4826 2561 3324 4659 5819 8245 666 2455 579 321 5456 7645 3072 8994 9224 9422 1823 1106 4155 4203 8761 1747 4915 9547 2731 6257 5809 3792 3989 6554 4504 9112 5634 4017 9130 9958 1981 6317 2338 2526 106 2690 3423 8362 6336 4328 952 6144 8263 8617 9709 9846 7035 7250 1318 1733 1593 3865 8453 9964 4391 9025 7822 3258 5816 6014 656 6917 2533 7292 7549 8379 1460 3648 3605 5050 8559 4852 8567 1994 7039 7968 3665 9799 3044 4436 9032 2490 1186 3124 3810 2266 1172 6163 380 6831 5401 7342 7487 3247 1190 4236 6966 5454 5436 8309 3875 9508 7879 431 5314 1618 2488 3193 7254 7935 532 8591 2368 7651 6606 7029 7545 4001 524 2423 5479 6419 1907 8298 4973 5235 1499 316 2045 182 2992 1359 1031 7412 8183 3199 7934 6727 2980 2569 7426 1066 3772 8255 8648 2108 3774 2293 6890 3052 3440 7450 1317 4099 6653 7748 654 5542 1857 2065 7088 7961 2121 1520 8696 5131 3690 5477 578 3789 7302 6296 4264 2426 6510 9649 4636 7624 8602 9359 2510 6632 1217 1218 3271 5264 8926 8814 8758 9555 274 971 5462 8552 9477 3241 3519 1022 7562 9731 6535 8003 3723 4064 2935 4200 6347 5824 5991 9586 3460 95 5318 9281 5822 1760 9182 2936 7525 1258 5675 3278 6205 5183 373 4958 405 7906 4442 2833 3235 8728 9409 8072 6777 4894 5515 6532 1814 2402 6742 519 5665 2932 58 1874 2385 3307 3790 8496 9455 3907 8511 8776 6254 7710 3495 6474 1801 3703 2221 6146 1584 1224 317 4123 4771 3905 5092 5279 2405 4944 8419 1557 6700 2005 8021 560 6584 4435 2006 4858 8876 9728 6522 8571 5112 8815 408 1834 8864 2175 4269 5929 6035 7494 6091 9015 7212 3834 482 8707 8428 9512 120 1145 1603 8091 6630 1271 4614 4381 7037 5489 5419 3117 5122 751 9629 5733 1673 2642 338 3381 7447 9199 9375 5006 6616 8077 8618 9272 2252 5247 5934 1328 6 4555 962 5715 6268 5656 8720 8373 9472 818 6628 6798 8550 1098 6469 4924 91 2555 4232 5895 1396 5896 5962 9121 346 4549 89 4487 413 7368 3019 3167 8934 4904 61 1513 3237 6688 4810 5709 9726 876 3938 9724 5059 5218 9213 2015 691 5254 2192 3887 3682 7502 229 86 7104 6123 1672 9433 5105 6185 4128 4646 5678 6169 7615 643 2920 5157 9097 8169 215 9756 4617 7852 7229 720 2670 6031 9719 9932 1348 2987 2211 1239 2259 9956 4058 2532 5444 2412 6549 3270 6010 4515 7785 3634 1799 8801 5698 7251 4791 6720 8780 1192 736 5798 8165 2552 9708 9782 4002 4604 183 3483 7130 434 1044 2705 2508 6196 5372 6426 5730 9851 2134 2939 472 9181 3162 9166 5051 5379 4324 4503 7715 4347 4362 2232 1930 2566 9265 6953 8017 4009 9902 1059 7762 7122 2098 9626 9180 7080 1784 3809 5135 1445 393 4596 3017 3388 8811 8484 516 7378 2979 7528 356 2347 7759 5539 6803 6607 6747 7576 7787 6993 3253 4676 7515 7713 9666 4333 7185 4692 8290 9810 873 1868 6913 5434 6487 6959 9575 1521 548 3164 9592 3444 9053 5383 1267 6304 6041 4018 7679 7698 8216 1080 3822 8164 2182 4905 6690 6380 3837 8734 369 8153 9327 801 2242 7891 8069 2514 9432 3300 2762 4671 2503 4361 8914 5751 8109 8818 3903 893 2205 5187 6958 2794 870 2147 4399 8491 108 5310 1815 7783 8025 778 1043 3063 145 4738 5476 7053 60 8510 2389 2517 3758 6516 7308 7504 1698 5199 4551 5111 3239 291 2026 3218 5697 9377 1074 6370 5472 6928 4263 4008 4444 8530 2050 7150 6633 1782 3252 5474 9078 6401 8090 8214 2710 1732 6525 582 735 5935 9140 9226 3370 4100 9223 4739 7814 6834 5045 9373 440 6749 3656 8961 2141 8722 8955 216 1898 2209 4513 7463 4422 7262 5600 1963 3174 4168 6892 2658 9134 9535 3532 4215 552 2145 9926 6168 8375 7903 6135 640 6670 7729 2623 301 4280 1805 8416 2965 7350 2619 6523 7313 3553 6734 690 5206 3448 6034 1599 3625 3083 1455 1588 1993 9407 5985 2132 2373 6064 8573 2785 4601 3058 4430 5663 7629 4909 8509 8642 3228 6365 8438 1800 5676 1316 7546 6162 2547 5219 1650 9952 4174 2563 189 3015 4997 2870 2 2465 8810 8527 4464 3366 1653 856 3254 7076 676 65 4137 307 4710 7147 2603 3572 4688 2287 3906 5119 7373 5236 2123 559 2978 4146 4205 6558 7658 1013 4170 7103 1441 2058 3437 2428 9542 680 1058 7726 4195 6811 8878 4664 3948 9569 622 1538 6194 1664 3932 1528 7187 3374 7674 403 1825 4135 7642 473 5198 3968 5409 9740 6785 9987 3863 3611 275 7012 460 7758 2075 6566 9576 6969 3128 1476 3428 4477 6307 4731 9867 628 8916 2126 2617 5810 5541 2271 925 5960 8094 6302 9460 9732 5222 592 2611 3523 684 246 4415 4908 1387 2568 7965 5565 9928 1163 3118 6951 1485 2139 8080 916 7558 2898 6191 7351 3981 6731 7587 8669 5496 1912 7948 3026 6640 2593 4697 3163 5886 7407 4928 594 7268 1895 1617 730 9394 4183 6637 3800 4420 2009 5417 9449 3191 961 9741 6138 8343 2810 3242 6269 1935 4331 6404 8194 8210 3687 4522 3023 6611 4173 511 3225 5752 8919 7585 7600 7883 1654 6856 7215 985 7312 4575 6338 37 910 2765 1285 2250 2557 8806 9607 2673 8317 2714 4096 6838 7771 312 946 4304 3168 9221 3525 8745 1279 2469 276 4760 535 6056 4822 5425 9188 9257 1536 868 7349 1465 3406 5370 7789 2650 1659 9621 4036 6413 5274 6591 1725 2849 6442 7859 955 5745 9104 7846 9343 2651 273 7344 1531 6707 9602 2579 1679 2739 3563 7798 6046 6248 1558 2767 2641 8431 5184 551 2887 4150 5859 8808 1313 6131 1749 2576 1734 6675 7597 1954 9707 9935 8772 3692 5702 9450 1754 2453 1415 6021 9187 1347 9789 5544 9350 4622 4782 4884 6738 9786 4322 5976 4283 4999 1572 9689 4715 7369 875 8326 1202 866 4783 7188 521 852 4297 4443 5388 4071 7633 6687 2729 2871 4321 5550 7769 6353 7993 9442 6077 9864 203 9906 66 6476 5831 5019 3917 5084 5116 8741 5126 4582 3096 8297 9023 8296 8793 456 1546 7829 1180 7443 2154 723 9688 1183 386 7428 7255 9002 2223 5686 6672 147 4053 2320 236 992 2550 2241 3598 7129 4468 3426 5397 9248 2922 8459 5839 4535 9856 5640 5240 7686 7173 5125 4847 5543 8423 859 8074 3630 4353 9207 1070 6844 1666 1913 2261 9434 1730 2280 6480 9886 3951 1451 6972 8564 1625 1736 6528 2760 5516 1506 5621 2289 1545 5364 9101 514 1922 8299 6125 6701 8004 2263 3926 8120 3707 3816 3889 4288 3232 5400 5897 2411 4668 8441 9311 3140 8942 9362 3858 8948 4641 5232 7942 8845 4969 7394 3018 5936 1360 1479 6019 6891 7059 9452 9360 3383 9598 9491 5612 1741 5211 8989 2478 7384 3234 1950 3571 4606 150 2748 1752 8217 5651 2089 7168 8471 6797 1755 1247 3727 4472 831 4938 8128 768 5500 3410 8858 7067 705 4525 9214 2882 1539 3453 3577 6605 9401 1798 6836 6170 9470 1042 3650 924 1114 500 256 7602 7072 9340 783 7282 3506 1235 3970 9073 1466 3923 4113 9717 2815 6290 5884 5203 5593 6439 3991 8803 9905 4453 8774 1338 7366 3462 668 4754 3735 6773 8088 2716 4052 6882 7348 1818 3346 9880 903 8912 5861 8226 186 7062 4469 977 4147 9125 8002 9274 7197 6086 1655 2607 4110 5908 4037 8563 3319 4292 8799 7693 191 558 1766 9320 1399 2542 6150 7650 8399 1351 6764 6864 8901 9811 3207 7927 613 7 188 6260 6614 8126 4069 6582 3203 8364 3425 3590 5065 8500 6883 9050 4721 9879 2483 8894 9386 7987 9618 5673 9760 4605 428 2196 9116 9159 1790 8832 174 4301 1428 2960 7145 8093 7988 9405 8177 7603 8611 3363 5538 3673 5744 1620 290 3037 5562 3799 5220 2318 3116 2149 2698 3833 8117 9633 6743 4276 3958 8705 2790 2332 2805 6450 2964 8664 4160 777 1844 7876 6305 8023 7093 6641 6559 1159 9554 3236 1970 8732 7499 9596 2173 3341 8339 3227 1095 2174 3250 1574 9660 959 7170 5277 7327 7411 9609 7306 3078 4348 3530 2303 4294 4446 9644 4373 7135 6941 5268 1281 2893 7732 2636 9236 947 5949 9061 948 4948 414 1025 3666 8152 6782 9615 2869 5865 1403 2496 8011 3579 9178 6483 6613 2600 8846 2749 6048 47 4274 1705 9461 572 2112 7114 7113 3937 370 8047 9044 4044 7772 973 2937 2733 3086 3157 8252 7994 4 2697 4769 7288 3922 8804 1743 5763 6472 8862 8902 7831 1286 1870 5670 5781 8244 8796 181 3143 5030 2214 3604 7442 6300 6752 2106 1411 600 7508 981 9113 6964 1227 2525 9968 6999 9387 3973 7434 9966 2466 4182 211 439 6029 7692 7391 3825 9019 8920 4066 7225 4256 6712 1021 2728 388 9787 6181 724 1927 4401 233 7464 1412 2321 2713 1373 6044 7083 7049 7835 4393 9057 7190 5914 1175 3780 4335 1932 9794 2371 4027 9339 2702 6259 3635 5748 645 4186 7073 8434 6388 3056 7048 9026 979 1091 3726 6390 4765 6084 7878 173 9553 3671 1342 3633 8690 8675 4911 674 2817 1446 7840 3030 3548 3912 4735 3812 3930 4139 3438 2440 2458 1971 1757 7231 1738 6246 8978 1587 475 4623 538 7984 9153 2584 9385 766 7939 2456 6027 4015 3883 8842 2924 633 5647 8348 6976 4488 6721 933 3067 125 701 5947 6409 2201 135 9727 8905 3105 7141 709 6975 6916 8149 4892 2740 1142 8656 1262 7066 4496 3367 9384 7152 391 8947 4542 6982 6965 1223 9363 9144 197 615 1182 5109 1020 1830 1783 6852 1454 515 9325 4994 3471 5210 7460 314 8202 2996 6564 8370 8565 4814 5757 1277 4667 5449 7177 348 6840 8783 1840 3751 9884 111 9631 5470 4432 5089 7021 1556 1504 8400 3161 6237 8456 647 4403 2696 2904 6979 4951 5365 6274 8055 1017 5381 7455 908 6068 9201 7041 7626 1921 7209 8622 1769 5499 23 3060 7158 790 3084 7665 5566 6058 4505 3769 9713 5329 8557 78 2363 5807 5532 6829 8531 7893 2433 6099 5529 8856 2291 7621 8903 6341 4265 2509 2292 5573 858 5689 2756 8293 123 5289 9533 1470 7061 8839 3839 281 2712 6186 6769 1151 2210 1040 

