198
60 55 26.0
55 44 26.0
44 56 36.0
56 59 26.0
59 68 26.0
68 67 26.0
67 70 23.0
70 73 23.0
73 72 26.0
72 84 36.0
84 87 26.0
87 99 26.0
99 98 77.0
98 88 26.0
88 83 26.0
83 74 26.0
74 66 26.0
66 61 26.0
61 54 26.0
54 45 26.0
45 37 57.0
37 32 26.0
32 31 26.0
31 38 36.0
38 36 77.0
36 33 36.0
33 34 26.0
34 27 57.0
27 26 26.0
26 25 36.0
25 24 36.0
24 21 36.0
21 22 77.0
22 23 51.0
23 28 81.0
28 30 36.0
30 29 36.0
29 14 137.0
14 15 36.0
15 16 102.0
16 17 26.0
17 18 153.0
18 19 51.0
19 20 77.0
20 35 255.0
35 39 57.0
39 47 26.0
47 51 36.0
51 50 51.0
50 48 36.0
48 49 36.0
49 63 36.0
63 79 77.0
79 80 26.0
80 91 26.0
91 92 26.0
92 104 77.0
104 103 26.0
103 102 57.0
102 93 26.0
93 94 26.0
94 95 26.0
95 101 36.0
101 96 81.0
96 90 36.0
90 89 26.0
89 82 36.0
82 75 36.0
75 62 51.0
62 53 26.0
53 46 36.0
46 52 36.0
52 65 51.0
65 76 57.0
76 77 26.0
77 78 26.0
78 64 26.0
64 81 92.0
81 97 114.0
97 100 178.0
100 86 36.0
86 85 36.0
85 71 36.0
71 69 26.0
69 58 26.0
58 57 26.0
57 42 36.0
42 43 26.0
43 41 149.0
41 40 102.0
40 13 262.0
13 12 26.0
12 11 26.0
11 10 26.0
10 9 26.0
9 8 51.0
8 5 353.0
5 4 51.0
4 3 77.0
3 6 51.0
6 7 77.0
7 2 51.0
2 1 1139.0
1 105 2321.0
105 114 36.0
114 113 26.0
113 112 26.0
112 106 26.0
106 107 26.0
107 111 36.0
111 110 26.0
110 109 26.0
109 108 36.0
108 120 130.0
120 119 26.0
119 118 26.0
118 117 51.0
117 116 26.0
116 115 26.0
115 122 41.0
122 121 51.0
121 123 86.0
123 124 115.0
124 125 77.0
125 169 26.0
169 126 46.0
126 130 53.0
130 131 26.0
131 132 26.0
132 133 26.0
133 135 26.0
135 134 26.0
134 140 26.0
140 141 26.0
141 143 26.0
143 142 26.0
142 147 26.0
147 146 26.0
146 145 26.0
145 144 36.0
144 150 51.0
150 149 51.0
149 148 26.0
148 153 26.0
153 152 26.0
152 162 26.0
162 161 26.0
161 160 45.0
160 159 108.0
159 158 51.0
158 157 26.0
157 156 26.0
156 155 26.0
155 154 26.0
154 139 166.0
139 138 115.0
138 136 153.0
136 129 57.0
129 127 51.0
127 170 26.0
170 128 65.0
128 137 115.0
137 151 90.0
151 163 57.0
163 164 51.0
164 165 77.0
165 166 26.0
166 172 150.0
172 171 115.0
171 168 386.0
168 167 127.0
167 182 1595.0
182 183 96.0
183 181 26.0
181 177 36.0
177 175 63.0
175 176 74.0
176 173 77.0
173 174 74.0
174 178 159.0
178 180 26.0
180 184 26.0
184 185 51.0
185 179 51.0
179 194 26.0
194 195 106.0
195 196 77.0
196 197 77.0
197 198 77.0
198 187 300.0
187 186 77.0
186 193 77.0
193 192 77.0
192 191 224.0
191 188 77.0
188 189 77.0
189 190 77.0
190 60 2314.0
