52
15 5 25.0
5 24 32.0
24 48 16.0
48 38 50.0
38 40 36.0
40 37 42.0
37 39 56.0
39 36 44.0
36 35 15.0
35 34 22.0
34 44 80.0
44 46 131.0
46 16 156.0
16 50 131.0
50 20 36.0
20 23 95.0
23 31 153.0
31 18 81.0
18 22 117.0
22 1 47.0
1 49 65.0
49 32 50.0
32 45 152.0
45 19 75.0
19 41 92.0
41 8 65.0
8 10 181.0
10 9 84.0
9 43 390.0
43 4 246.0
4 6 70.0
6 25 125.0
25 12 245.0
12 28 183.0
28 27 111.0
27 26 127.0
26 47 186.0
47 13 325.0
13 14 206.0
14 52 319.0
52 11 399.0
11 51 286.0
51 33 475.0
33 3 904.0
3 17 218.0
17 21 254.0
21 30 242.0
30 29 260.0
29 42 571.0
42 7 77.0
7 2 45.0
2 15 958.0
