130
76 109 36.0
109 61 27.0
61 129 72.0
129 124 37.0
124 26 77.0
26 97 36.0
97 70 31.0
70 7 63.0
7 63 103.0
63 68 39.0
68 98 42.0
98 110 40.0
110 89 47.0
89 94 40.0
94 29 77.0
29 15 32.0
15 24 30.0
24 116 24.0
116 95 29.0
95 79 22.0
79 38 71.0
38 106 74.0
106 58 64.0
58 49 8.0
49 53 37.0
53 120 27.0
120 60 52.0
60 51 14.0
51 42 44.0
42 44 32.0
44 40 57.0
40 47 3.0
47 37 20.0
37 22 8.0
22 23 33.0
23 122 60.0
122 55 33.0
55 14 89.0
14 10 6.0
10 67 41.0
67 96 12.0
96 13 32.0
13 33 144.0
33 21 17.0
21 18 63.0
18 8 34.0
8 108 3.0
108 114 31.0
114 3 29.0
3 83 44.0
83 30 56.0
30 59 29.0
59 121 74.0
121 78 64.0
78 90 117.0
90 125 9.0
125 85 25.0
85 66 51.0
66 28 200.0
28 115 46.0
115 62 60.0
62 105 21.0
105 112 24.0
112 117 38.0
117 39 60.0
39 71 14.0
71 41 35.0
41 1 38.0
1 130 82.0
130 50 26.0
50 2 40.0
2 118 58.0
118 80 21.0
80 46 16.0
46 20 28.0
20 35 62.0
35 54 49.0
54 17 77.0
17 31 22.0
31 34 36.0
34 27 53.0
27 19 29.0
19 100 45.0
100 43 120.0
43 104 37.0
104 107 31.0
107 127 36.0
127 45 197.0
45 16 41.0
16 128 32.0
128 5 113.0
5 11 32.0
11 64 198.0
64 69 23.0
69 88 46.0
88 86 54.0
86 48 307.0
48 25 17.0
25 32 80.0
32 113 13.0
113 36 26.0
36 84 3.0
84 119 51.0
119 77 118.0
77 103 45.0
103 81 50.0
81 87 40.0
87 12 1.0
12 65 94.0
65 56 33.0
56 57 33.0
57 9 19.0
9 52 57.0
52 75 29.0
75 74 9.0
74 99 41.0
99 73 38.0
73 92 76.0
92 72 101.0
72 91 76.0
91 6 209.0
6 102 30.0
102 93 261.0
93 4 85.0
4 126 222.0
126 82 645.0
82 101 83.0
101 123 34.0
123 111 7.0
111 76 654.0
