52
1 49 65.0
49 40 158.0
40 39 43.0
39 36 44.0
36 46 192.0
46 48 125.0
48 24 16.0
24 30 567.0
30 23 180.0
23 20 95.0
20 50 36.0
50 29 192.0
29 33 1096.0
33 43 365.0
43 15 242.0
15 5 25.0
5 38 51.0
38 37 44.0
37 31 355.0
31 21 150.0
21 42 290.0
42 7 77.0
7 2 45.0
2 16 725.0
16 44 133.0
44 34 80.0
34 35 22.0
35 32 131.0
32 45 152.0
45 19 75.0
19 41 92.0
41 8 65.0
8 10 181.0
10 9 84.0
9 13 1317.0
13 52 279.0
52 47 598.0
47 26 186.0
26 27 127.0
27 14 375.0
14 28 485.0
28 12 183.0
12 51 189.0
51 11 286.0
11 6 727.0
6 4 70.0
4 25 110.0
25 17 835.0
17 3 218.0
3 18 135.0
18 22 117.0
22 1 47.0
