130
1 122 381.0
122 55 33.0
55 6 121.0
6 102 30.0
102 91 237.0
91 72 76.0
72 49 61.0
49 65 250.0
65 56 33.0
56 57 33.0
57 67 582.0
67 96 12.0
96 86 755.0
86 88 54.0
88 69 46.0
69 64 23.0
64 124 85.0
124 129 37.0
129 61 72.0
61 109 27.0
109 76 36.0
76 89 368.0
89 94 40.0
94 77 79.0
77 103 45.0
103 81 50.0
81 87 40.0
87 12 1.0
12 5 537.0
5 11 32.0
11 45 70.0
45 16 41.0
16 128 32.0
128 105 32.0
105 116 380.0
116 100 50.0
100 27 38.0
27 19 29.0
19 43 79.0
43 104 37.0
104 107 31.0
107 127 36.0
127 118 258.0
118 80 21.0
80 46 16.0
46 20 28.0
20 93 63.0
93 37 43.0
37 47 20.0
47 40 3.0
40 44 57.0
44 42 32.0
42 51 44.0
51 60 14.0
60 120 52.0
120 53 27.0
53 58 38.0
58 106 64.0
106 38 74.0
38 92 75.0
92 73 76.0
73 99 38.0
99 74 41.0
74 75 9.0
75 52 29.0
52 9 57.0
9 82 77.0
82 101 83.0
101 123 34.0
123 111 7.0
111 97 479.0
97 26 36.0
26 33 498.0
33 21 17.0
21 18 63.0
18 31 239.0
31 17 22.0
17 34 33.0
34 79 164.0
79 95 22.0
95 24 31.0
24 15 30.0
15 29 32.0
29 110 117.0
110 98 40.0
98 113 80.0
113 32 13.0
32 36 25.0
36 84 3.0
84 119 51.0
119 114 598.0
114 126 40.0
126 121 69.0
121 78 64.0
78 66 168.0
66 85 51.0
85 125 25.0
125 90 9.0
90 59 80.0
59 30 29.0
30 83 56.0
83 3 44.0
3 108 46.0
108 8 3.0
8 22 143.0
22 13 132.0
13 14 66.0
14 10 6.0
10 23 100.0
23 54 231.0
54 35 49.0
35 2 81.0
2 50 40.0
50 130 26.0
130 71 36.0
71 39 14.0
39 117 60.0
117 112 38.0
112 62 32.0
62 115 60.0
115 28 46.0
28 4 384.0
4 7 450.0
7 70 63.0
70 63 67.0
63 68 39.0
68 25 55.0
25 48 17.0
48 41 385.0
41 1 38.0
