198
1 192 4189.0
192 193 77.0
193 186 77.0
186 187 77.0
187 185 149.0
185 179 51.0
179 184 72.0
184 180 26.0
180 178 26.0
178 194 57.0
194 195 106.0
195 196 77.0
196 197 77.0
197 198 77.0
198 189 425.0
189 190 77.0
190 191 77.0
191 188 77.0
188 183 115.0
183 182 96.0
182 177 131.0
177 172 1543.0
172 137 115.0
137 144 71.0
144 145 36.0
145 150 36.0
150 151 51.0
151 163 57.0
163 164 51.0
164 165 77.0
165 166 26.0
166 170 362.0
170 127 26.0
127 129 51.0
129 130 51.0
130 133 26.0
133 135 26.0
135 141 26.0
141 143 26.0
143 146 26.0
146 149 26.0
149 154 335.0
154 155 26.0
155 156 26.0
156 157 26.0
157 158 26.0
158 159 51.0
159 160 108.0
160 161 45.0
161 162 26.0
162 152 26.0
152 148 36.0
148 147 26.0
147 142 26.0
142 134 51.0
134 136 51.0
136 125 128.0
125 126 39.0
126 131 53.0
131 132 26.0
132 140 51.0
140 138 103.0
138 139 115.0
139 153 245.0
153 168 562.0
168 167 127.0
167 108 149.0
108 109 36.0
109 110 26.0
110 111 26.0
111 118 102.0
118 123 78.0
123 117 100.0
117 119 77.0
119 120 26.0
120 124 108.0
124 169 81.0
169 174 1792.0
174 173 74.0
173 176 77.0
176 175 74.0
175 181 92.0
181 171 1462.0
171 128 115.0
128 122 481.0
122 115 41.0
115 116 26.0
116 121 41.0
121 101 288.0
101 94 26.0
94 100 331.0
100 86 36.0
86 85 36.0
85 71 36.0
71 69 26.0
69 58 26.0
58 57 26.0
57 65 284.0
65 52 51.0
52 59 205.0
59 68 26.0
68 67 26.0
67 63 357.0
63 49 36.0
49 48 36.0
48 50 36.0
50 64 51.0
64 78 26.0
78 77 26.0
77 76 26.0
76 81 36.0
81 73 205.0
73 84 26.0
84 87 26.0
87 99 26.0
99 107 511.0
107 106 26.0
106 112 26.0
112 113 26.0
113 114 26.0
114 105 36.0
105 104 51.0
104 103 26.0
103 102 57.0
102 93 26.0
93 95 51.0
95 96 51.0
96 90 36.0
90 89 26.0
89 82 36.0
82 91 231.0
91 97 231.0
97 98 26.0
98 88 26.0
88 83 26.0
83 80 254.0
80 92 36.0
92 79 26.0
79 70 339.0
70 72 47.0
72 66 105.0
66 74 26.0
74 75 51.0
75 62 51.0
62 53 26.0
53 46 36.0
46 47 51.0
47 55 205.0
55 60 26.0
60 61 77.0
61 54 26.0
54 45 26.0
45 37 57.0
37 36 26.0
36 32 36.0
32 44 128.0
44 56 36.0
56 43 36.0
43 42 26.0
42 41 128.0
41 51 419.0
51 39 57.0
39 35 57.0
35 38 204.0
38 31 36.0
31 30 57.0
30 33 36.0
33 34 26.0
34 24 114.0
24 25 36.0
25 26 36.0
26 27 26.0
27 28 51.0
28 29 51.0
29 18 180.0
18 19 51.0
19 20 77.0
20 21 102.0
21 22 77.0
22 23 51.0
23 15 178.0
15 40 130.0
40 13 262.0
13 12 26.0
12 11 26.0
11 10 26.0
10 9 26.0
9 8 51.0
8 5 353.0
5 4 51.0
4 14 623.0
14 16 130.0
16 17 26.0
17 7 764.0
7 2 51.0
2 6 92.0
6 3 51.0
3 1 1178.0
